image: offic1.pgm
resolution: 0.025000
origin: [-4.596422, -13.920078, 0.000000]
negate: 0
occupied_thresh: 0.65
free_thresh: 0.196

